121
122
121
122
183
184
185
93
93
94
94
95
95
96
96
97
97
98
98
99
99
100
100
101
101
102
102
103
103
104
104
105
105
106
106
93
94
95
96
97
98
99
100
101
102
103
104
105
106
93
94
95
96
97
98
99
100
101
102
103
104
105
106
107
108
109
111
112
113
114
115
116
117
118
119
120
101
102
103
104
105
106
107
108
109
111
112
113
114
115
116
117
118
119
120
101
102
103
104
105
106
107
108
109
111
112
113
114
115
116
117
118
119
120
101
102
103
104
105
106
200
208
201
209
203
211
125
128
107
101
93
204
212
206
214
101
45
111
47
113
93
93
49
115
51
117
126
129
53
119
55
207
215
31
127
130
30
123
124
101
33
93
35
95
37
97
39
99
41
123
124
101
33
93
35
95
37
97
39
99
41
123
124
101
33
93
35
95
37
97
39
99
41
121
122
183
184
185
121
122
93
94
95
96
97
98
99
100
101
102
103
104
105
106
107
108
109
111
112
113
114
115
116
117
118
119
120
101
102
103
104
105
106
107
108
109
111
112
113
114
115
116
117
118
119
120
101
102
103
104
105
106
107
108
109
111
112
113
114
115
116
117
118
119
120
101
102
103
104
105
106
188
194
189
195
191
197
192
198
43
193
199
121
122
183
184
185
114
49
93
94
95
96
97
98
99
100
101
102
103
104
105
106
94
35
216
225
218
227
219
228
221
230
108
46
112
48
114
50
116
118
54
120
222
231
141
146
143
148
34
94
36
96
38
98
40
100
144
149
223
232
101
45
111
47
113
49
115
51
117
53
119
55
224
233
101
145
150
101
93
48
121
122
121
122
183
184
185
102
94
33
35
188
194
189
195
190
196
121
122
183
184
185
151
162
153
164
154
165
156
167
34
94
157
168
36
96
158
169
98
159
170
40
100
160
171
200
208
201
209
202
210
161
172
93
101
121
122
93
94
95
96
97
98
99
100
101
102
103
104
105
106
93
94
95
96
97
98
99
100
101
102
103
104
105
106
93
94
95
96
97
98
99
100
101
102
103
104
105
106
125
128
93
93
93
126
129
31
127
130
30
121
122
93
94
95
96
97
98
99
100
101
102
103
104
105
106
131
136
132
137
134
139
101
33
93
35
95
37
97
39
99
41
135
140
34
121
122
131
136
132
137
133
138
